s
284247.21
840342
10 76 7182.78
10 16 5374.80
10 17 15.59
10 50 8849.84
10 87 7735.44
10 62 4008.92
76 16 2560.91
76 17 3075.06
76 50 8465.38
76 87 3342.21
76 62 1667.22
16 17 6834.56
16 50 2102.03
16 87 4638.16
16 62 2459.23
17 50 1750.68
17 87 758.64
17 62 7121.79
50 87 2765.40
50 62 5264.05
87 62 7934.04
Q
163743.57
990200
96 89 1552.15
96 98 7772.79
96 20 5024.10
96 38 2321.76
89 98 4329.01
89 20 8548.15
89 38 5703.67
98 20 795.91
98 38 3438.98
20 38 9752.54
Y
143143.67
395234
0 81 8691.21
0 17 9297.04
0 69 5132.23
0 54 4332.88
0 25 1318.53
1 69 6671.12
1 81 6779.02
1 54 7713.65
1 25 3535.99
1 90 6481.92
1 86 8080.35
69 90 9189.24
69 28 9538.41
69 17 3171.46
17 90 64.94
17 28 9895.51
17 86 8143.81
81 86 4461.62
81 54 7231.40
81 25 7987.30
81 90 2807.86
86 28 500.53
25 28 2296.98
90 28 8678.26
54 28 8245.66
e
280864.70
110509
2 25 3187.90
2 67 6941.39
2 84 2477.55
2 14 39.92
2 39 7970.96
67 39 1420.75
67 14 6346.82
67 51 7870.87
67 84 3278.78
67 25 679.45
39 14 1539.31
39 51 8839.34
39 84 3751.86
39 25 684.39
14 51 319.22
14 84 9971.67
14 25 5228.47
51 25 4638.62
51 84 9875.73
84 25 5377.75
N
152446.22
209510
3 29 4814.33
3 77 7383.08
29 77 5410.44
c
93640.76
707820
64 33 2871.58
64 99 5749.36
64 9 8425.90
64 61 795.07
64 24 7456.72
64 29 1434.61
33 24 2883.75
33 29 7761.12
33 61 7303.74
99 7 188.69
99 79 8529.34
99 29 6675.06
99 61 4798.05
7 24 3154.76
7 9 1385.73
7 79 777.21
9 61 3846.47
61 24 8324.57
79 24 1760.04
79 29 2569.02
k
255755.46
878050
32 64 1772.97
32 5 302.76
32 72 756.61
32 88 559.42
32 59 274.65
32 69 6512.58
64 5 2451.04
64 72 1640.62
64 88 6210.29
64 59 5127.28
64 69 7502.58
5 69 6897.90
5 72 9301.67
5 88 9399.15
5 59 5034.08
72 88 8461.42
72 59 3605.37
72 69 5222.52
88 59 8340.87
88 69 1690.85
59 69 2351.03
O
235621.04
120309
65 87 6705.82
65 91 5498.40
65 38 5127.78
65 55 5014.65
66 40 437.23
66 55 952.31
66 38 6864.39
66 79 7928.20
38 87 7796.86
38 47 1263.72
38 79 8729.81
40 47 6694.84
40 79 3473.56
79 87 9581.81
79 55 2834.77
79 91 8647.85
d
232652.45
353598
1 35 7647.31
1 73 53.53
1 50 1907.01
1 51 1382.92
1 53 4205.07
1 23 5256.42
1 26 5990.22
1 93 745.07
35 73 3531.30
35 11 4517.39
35 50 9662.36
35 53 9584.05
35 23 5098.17
35 26 5733.96
35 93 4944.19
73 50 6905.98
73 51 2305.19
73 53 3.86
73 23 7537.86
73 26 7975.39
73 93 2325.51
11 50 6305.57
11 51 5779.80
11 53 1557.81
11 23 862.92
11 93 9501.36
50 51 5800.34
50 53 5552.03
50 23 7381.49
50 93 3937.64
51 53 5768.57
51 23 9559.86
51 26 8605.26
51 93 9906.96
53 23 8121.97
53 93 6231.68
26 93 7653.60
V
193800.11
1011341
33 99 7366.77
33 7 6113.37
99 7 8442.38
Z
86443.49
884946
72 77 6654.06
72 78 5589.65
72 83 6143.94
72 20 4200.10
72 21 5881.36
72 86 8403.14
72 58 666.57
77 78 3643.32
77 83 3929.22
77 20 4860.56
77 21 3626.26
77 86 7504.46
77 58 3662.09
78 83 8519.97
78 20 8750.72
78 21 2589.40
78 86 1816.56
78 58 3830.49
83 20 515.16
83 21 2859.12
83 86 3054.98
83 58 833.21
20 21 9356.75
20 86 6754.74
20 58 5445.87
21 86 579.59
21 58 5258.76
86 58 7459.69
F
189259.45
296328
96 15 3433.90
96 11 2131.16
96 84 394.96
96 85 4599.91
96 55 2489.63
7 80 7741.00
7 85 6216.14
7 29 3843.06
11 15 1246.22
11 84 8249.38
11 85 8377.87
11 55 1891.58
11 29 1571.16
15 80 4476.49
15 84 7105.53
15 85 9804.90
15 55 8006.59
15 29 15.44
80 84 6117.45
80 85 433.10
80 55 1174.54
80 29 1897.21
84 85 2432.02
84 55 2713.94
84 29 4857.44
85 29 4893.07
55 29 7133.87