C
171700.36
118021
16 57 4398.52
16 27 6979.79
16 28 6844.13
16 54 1277.56
57 27 5020.79
57 28 2382.47
57 54 6701.14
27 28 359.02
27 54 8252.36
28 54 530.94
q
64354.70
891906
0 52 6777.13
0 38 1662.78
52 38 9708.07
b
212258.86
962313
67 90 4852.43
67 3 4262.29
67 95 7034.73
6 38 2088.34
38 72 7417.69
38 88 7797.48
38 90 7656.08
38 3 4846.16
72 3 4690.37
72 88 7636.86
72 90 5434.72
72 59 4399.99
72 95 2042.54
3 90 5136.88
3 95 5997.96
88 90 8110.48
90 95 1414.36
B
264728.05
101110
25 53 7691.89
25 46 1514.73
53 46 1588.97
w
141977.47
800078
73 79 5964.95
73 17 7507.65
73 15 9122.01
73 92 6149.12
73 61 7811.95
73 94 9065.81
15 79 8333.09
15 17 87.87
15 92 1790.45
15 61 9441.90
15 94 1556.39
17 79 6512.10
17 92 7191.65
17 61 437.43
17 94 9767.74
79 92 4961.50
79 61 5483.16
79 94 4136.39
92 61 7897.23
92 94 7003.66
61 94 4014.12
J
239280.13
495805
32 35 5545.54
32 37 9075.29
32 6 2885.77
32 18 3705.64
32 55 585.50
32 89 3059.26
32 92 6717.06
35 37 1967.85
35 6 4576.30
35 18 729.80
35 55 7836.10
35 89 4923.87
35 92 4000.39
37 6 6011.95
37 18 9462.23
37 55 5723.53
37 89 4870.88
37 92 5252.45
6 18 1870.10
6 55 7370.60
6 89 8385.12
6 92 8136.86
18 55 9939.00
18 89 7480.94
18 92 2596.59
55 89 7098.88
55 92 6485.96
89 92 5420.82
i
247180.60
292415
65 68 8436.87
65 25 7957.66
65 70 3925.87
65 52 3284.47
65 89 1190.28
65 84 1400.38
65 61 2969.48
68 70 5583.42
68 33 1625.58
68 84 4918.52
68 25 8879.07
68 52 5399.35
68 61 478.17
25 70 739.97
25 33 141.83
25 84 4322.33
25 89 7447.48
25 52 6782.87
25 61 87.16
70 33 9565.76
70 52 3253.14
70 89 6974.32
70 61 2945.53
33 52 1282.08
33 89 5037.56
33 84 1079.62
84 52 405.50
84 89 4772.13
84 61 7508.56
89 52 9785.91
52 61 8564.33
r
19089.70
460130
98 99 1502.62
98 4 7664.08
98 7 8103.69
98 43 2710.31
98 75 6570.77
98 71 7720.36
75 99 8334.19
75 4 95.33
75 37 4000.01
75 70 5981.57
75 7 7435.50
75 40 6055.90
4 99 4939.25
4 70 7539.83
4 7 388.63
4 71 2450.69
37 43 861.38
37 70 5534.44
37 71 7499.97
70 71 4001.57
70 40 8811.16
70 43 3051.70
70 7 8313.42
71 99 919.78
71 7 9184.13
40 43 4127.55
40 7 9510.54
43 99 1444.00
99 7 5071.43
S
50190.56
141555
3 36 3970.80
3 54 4947.16
3 88 7207.34
3 90 1001.08
3 93 2803.24
3 94 253.79
36 54 3016.19
36 88 6350.20
36 90 9025.16
36 93 8676.10
36 94 3758.83
54 88 7277.78
54 90 9488.52
54 93 4056.97
54 94 5794.52
88 90 3891.18
88 93 582.77
88 94 4576.11
90 93 5579.18
90 94 3529.52
93 94 4975.29
H
157265.67
741322
2 25 9550.01
2 91 784.43
2 39 1228.05
2 54 9778.09
2 87 3380.04
39 25 71.30
39 91 6426.70
39 54 8087.83
39 87 1006.15
54 25 2027.81
54 91 3226.69
54 87 6711.45
87 25 2724.56
87 91 2866.99
25 91 2859.19
D
170829.94
776617
8 92 7518.37
8 82 4113.45
8 51 8527.51
8 56 5688.50
8 91 8015.92
8 60 9758.05
92 82 929.16
92 51 5295.93
92 56 6742.25
92 91 4007.20
92 60 6805.69
82 51 4548.68
82 56 1562.37
82 91 8439.76
82 60 58.25
51 56 8670.44
51 91 2100.07
51 60 6954.28
56 91 8885.40
56 60 4887.92
91 60 8294.62
t
172237.50
382343
97 3 9741.49
97 37 4032.74
97 45 3402.36
97 14 5016.58
97 85 4610.95
97 88 8920.90
97 60 2258.70
3 37 2034.56
3 45 3848.17
3 14 7100.69
3 85 7603.66
3 88 4548.18
3 60 9224.60
37 45 1620.92
37 14 2380.38
37 85 2293.70
37 88 9020.95
37 60 3527.06
45 14 7188.21
45 85 6440.34
45 88 7267.48
45 60 9037.64
14 85 8701.14
14 88 6186.52
14 60 2315.56
85 88 5275.72
85 60 1500.67
88 60 5770.16
K
249542.70
176122
33 87 7829.82
33 83 8755.02
33 74 4601.52
33 14 9459.10
33 15 7687.15
74 87 964.17
74 83 827.44
74 14 7177.96
74 15 2907.32
14 87 5900.98
14 83 7932.40
14 15 7079.36
15 83 7040.39
15 87 8932.65
83 87 7868.11
m
60290.41
873718
64 23 6471.91
9 59 938.95
9 62 8966.60
9 23 3658.64
43 60 4571.17
43 58 3017.56
43 52 7622.89
52 59 5916.84
v
252018.67
780752
32 65 3117.98
32 2 1990.63
32 74 4482.25
32 30 3656.35
65 34 2486.89
65 74 3102.74
34 2 9022.65
34 74 3800.85
74 11 2141.97
74 2 4260.60
74 87 4919.48
74 30 7880.25
11 2 3738.05
11 30 3270.89
11 87 1604.05
2 30 1028.05
87 30 9364.62
T
277996.70
906666
98 88 8383.58
98 80 5384.70
98 21 3339.79
80 57 6892.17
80 21 9345.96
80 94 819.28
21 57 134.09
21 23 922.78
23 57 1298.71
23 94 4460.62
88 57 809.75
88 94 5628.51
57 94 1739.24
y
296935.39
193520
32 33 4791.07
32 65 1179.07
32 39 3736.09
32 79 5370.86
32 83 6502.57
32 27 9135.64
33 65 4209.77
33 39 4149.32
33 79 2088.55
33 83 9003.70
33 27 269.36
65 39 716.54
65 79 6996.69
65 83 4503.05
65 27 6646.09
39 79 779.53
39 83 9584.56
39 27 9252.76
79 83 1015.52
79 27 9766.22
83 27 5388.71